639
0
0
0
0
0
8064
65535
0
0
0
0
0
0
0
0
0
0
0
0
0
0
0
0
0
0
0
0
0
0
0
0
0
0
0
0
0
0
0
0
0
0
0
0
0
0
0
0
0
0
0
0
0
0
0
0
0
0
0
0
0
0
0
0
0
0
0
0
0
0
0
0
-858993460
-858993460
-858993460
-858993460
-858993460
-858993460
-858993460
-858993460
-858993460
-858993460
-858993460
-858993460
-858993460
-858993460
-858993460
-858993460
-858993460
-858993460
-858993460
-858993460
-858993460
-858993460
-858993460
-858993460
-858993460
-858993460
-858993460
-858993460
-858993460
-858993460
-858993460
-858993460
-858993460
-858993460
-858993460
-858993460
-858993460
-858993460
-858993460
-858993460
-858993460
-858993460
-858993460
-858993460
-858993460
-858993460
-858993460
-858993460
-858993460
-858993460
-858993460
-858993460
-858993460
-858993460
-858993460
13629108
504
-858993460
-1115424526
13629660
7287187
1
16865896
16877656
1
16865896
16877656
13629752
7286759
-1115424394
7278627
7278627
12132352
0
0
0
0
0
0
0
0
7325056
7325068
0
13629668
0
13629860
7294512
-1121734082
0
13629760
7286397
13629768
7287320
13629784
1992817193
12132352
1992817168
13629876
2011003550
12132352
1186476626
0
0
12132352
0
0
0
0
0
0
0
0
0
0
13629796
0
13629884
2011082048
831521670
0
13629892
2011003502
-1
2011138624
0
0
7278627
12132352
0
0
0
0
0
0
0
0
0
0
0
0
0
0
0
0
0
0
0
0
0
0
0
0
0
0
0
0
0
0
0
0
0
0
0
0
0
0
0
0
0
0
0
0
0
0
0
0
0
0
0
0
0
0
0
0
0
0
0
0
0
0
0
0
0
0
0
0
0
0
0
0
0
0
0
0
0
0
0
0
0
0
0
0
0
0
0
