Hello, World!
allocated an int at 009F09D0 (16 byte alignment)
639
0
0
0
0
0
8064
65535
0
0
0
0
0
0
0
0
0
0
0
0
0
0
0
0
0
0
0
0
0
0
0
0
0
0
0
0
0
0
0
0
0
0
0
0
0
0
0
0
0
0
0
0
0
0
0
0
0
0
0
0
0
0
0
0
0
0
0
0
0
0
0
0
-842150451
-842150451
-842150451
-842150451
-842150451
-842150451
-842150451
-842150451
-842150451
-842150451
-842150451
-842150451
-842150451
-842150451
-842150451
-842150451
-842150451
-842150451
-842150451
-842150451
-842150451
-842150451
-842150451
-842150451
-842150451
-842150451
-842150451
-842150451
-842150451
-842150451
-842150451
-842150451
-842150451
-842150451
-842150451
-842150451
-842150451
-842150451
-842150451
-842150451
-842150451
-842150451
-842150451
-842150451
-842150451
-842150451
-842150451
-842150451
-842150451
-842150451
-842150451
-842150451
-842150451
-842150451
-842150451
-842150451
-842150451
-36844083
16645629
0
-1428644735
51046
10425560
10398800
-572662307
-572662307
-572662307
-572662307
-572662307
-572662307
-572662307
-572662307
-572662307
-572662307
-572662307
-572662307
-572662307
-572662307
-572662307
-572662307
-572662307
-572662307
-572662307
-572662307
-572662307
-572662307
-572662307
-572662307
-572662307
-572662307
-572662307
-572662307
-572662307
-572662307
-572662307
-572662307
-572662307
-572662307
-572662307
-572662307
-572662307
-572662307
-572662307
-572662307
-572662307
-572662307
-572662307
-572662307
-572662307
-572662307
-572662307
-572662307
-572662307
-572662307
-572662307
-572662307
-572662307
0
-1093558883
134268722
10413040
10399520
11
-253701952
-1578341021
28
10423532
-134217728
-1588428787
-2147483427
-572662307
-572662307
-572662307
-572662307
-572662307
-572662307
-572662307
-572662307
-572662307
-572662307
-572662307
-572662307
-572662307
-572662307
-572662307
-572662307
-1587838924
-2147483171
-572662307
-572662307
-572662307
-572662307
-572662307
-572662307
-572662307
-572662307
-572662307
-572662307
-572662307
-572662307
-572662307
-572662307
-572662307
-572662307
-1589608413
-2147482915
-572662307
-572662307
-572662307
-572662307
-572662307
-572662307
-572662307
-572662307
-572662307
-572662307
-572662307
-572662307
-572662307
-572662307
-572662307
-572662307
-1589018582
-2147482659
-572662307
-572662307
-572662307
-572662307
-572662307
-572662307
-572662307
-572662307
-572662307
-572662307
-572662307
-572662307
-572662307
-572662307
-572662307
-572662307
-1585545135
-2147482403
-572662307
-572662307
-572662307
-572662307
-572662307
-572662307
-572662307
-572662307
-572662307
-572662307
-572662307
-572662307
-572662307
-572662307
-572662307
-572662307
-1587052456
-2147482147
-572662307
-572662307
-572662307
-572662307
-572662307
-572662307
-572662307
-572662307
-572662307
-572662307
-572662307
-572662307
-572662307
-572662307
-572662307
-572662307
-1586724793
-2147481891
-572662307
-572662307
-572662307
-572662307
-572662307
-572662307
-572662307
-572662307
-572662307
-572662307
-572662307
-572662307
-572662307
-572662307
-572662307
-572662307
-1592426418
-2147481635
-572662307
-572662307
-572662307
-572662307
-572662307
-572662307
-572662307
-572662307
-572662307
-572662307
-572662307
-572662307
-572662307
-572662307
-572662307
-572662307
-1592098699
-2147481379
-572662307
-572662307
-572662307
-572662307
-572662307
-572662307
-572662307
-572662307
-572662307
-572662307
-572662307
-572662307
-572662307
-572662307
-572662307
-572662307
-1593606020
-2147481123
-572662307
-572662307
-572662307
-572662307
-572662307
-572662307
-572662307
-572662307
-572662307
-572662307
-572662307
-572662307
-572662307
-572662307
-572662307
-572662307
-1593278357
-2147480867
-572662307
-572662307
-572662307
-572662307
-572662307
-572662307
-572662307
-572662307
-572662307
-572662307
-572662307
-572662307
-572662307
-572662307
-572662307
-572662307
-1590590574
-2147480611
-572662307
-572662307
-572662307
-572662307
-572662307
-572662307
-572662307
-572662307
-572662307
-572662307
-572662307
-572662307
-572662307
-572662307
-572662307
-572662307
-1591311463
-2147480355
-572662307
-572662307
-572662307
-572662307
-572662307
-572662307
-572662307
-572662307
-572662307
-572662307
-572662307
-572662307
-572662307
-572662307
-572662307
-572662307
-1590721664
-2147480099
-572662307
-572662307
-572662307
-572662307
-572662307
-572662307
-572662307
-572662307
-572662307
-572662307
-572662307
-572662307
-572662307
-572662307
-572662307
-572662307
-1579908209
-2147479843
-572662307
-572662307
-572662307
-572662307
-572662307
-572662307
-572662307
-572662307
-572662307
-572662307
-572662307
-572662307
-572662307
-572662307
-572662307
-572662307
-1579318346
-2147479587
-572662307
-572662307
-572662307
-572662307
-572662307
-572662307
-572662307
-572662307
-572662307
-572662307
-572662307
-572662307
-572662307
-572662307
-572662307
-572662307
-1581087811
-2147479331
-572662307
-572662307
-572662307
-572662307
-572662307
-572662307
-572662307
-572662307
-572662307
-572662307
-572662307
-572662307
-572662307
-572662307
-572662307
-572662307
-1580498012
-2147479075
-572662307
-572662307
-572662307
-572662307
