Hello, World!
allocated an int at 0055F860 (32 byte alignment)
639
0
0
0
0
0
8064
65535
0
0
0
0
0
0
0
0
0
0
0
0
0
0
0
0
0
0
0
0
0
0
0
0
0
0
0
0
0
0
0
0
0
0
0
0
0
0
0
0
0
0
0
0
0
0
0
0
0
0
0
0
0
0
0
0
0
0
0
0
0
0
0
0
-858993460
-858993460
-858993460
-858993460
-858993460
-858993460
-858993460
-858993460
-858993460
-858993460
-858993460
-858993460
-858993460
-858993460
-858993460
-858993460
-858993460
-858993460
-858993460
-858993460
-858993460
-858993460
-858993460
-858993460
-858993460
-858993460
-858993460
-858993460
-858993460
-858993460
-858993460
-858993460
-858993460
-858993460
-858993460
-858993460
-858993460
-858993460
-858993460
-858993460
-858993460
-858993460
-858993460
-858993460
-858993460
-858993460
-858993460
-858993460
-858993460
-858993460
-858993460
-858993460
-858993460
-858993460
5634148
500
-858993460
-452948453
5634696
14561683
1
8870656
8871032
1
8870656
8871032
5634788
14561255
-452948329
14553123
14553123
2260992
0
0
0
0
0
0
0
0
14599552
14599564
0
5634704
0
5634896
14569008
-443824637
0
5634796
14560893
5634804
14561816
5634820
1992817193
2260992
1992817168
5634912
2011003550
2260992
107770281
0
0
2260992
0
0
0
0
0
0
0
0
0
0
5634832
0
5634920
2011082048
1910391465
0
5634928
2011003502
-1
2011138641
0
0
14553123
2260992
0
0
0
0
0
0
0
0
0
0
0
0
0
0
0
0
0
0
0
0
0
0
0
0
0
0
0
0
0
0
0
0
0
0
0
0
0
0
0
0
0
0
0
0
0
0
0
0
0
0
0
0
0
0
0
0
0
0
0
0
0
0
0
0
0
0
0
0
0
0
0
0
0
0
0
0
0
0
0
0
0
0
0
0
0
0
0
0
0
0
0
0
0
0
0
0
0
0
0
0
0
0
0
0
0
0
0
0
0
0
0
0
0
0
0
0
0
0
0
0
0
0
0
0
0
0
0
0
0
0
0
0
0
0
0
0
0
0
0
0
0
0
0
0
0
0
0
0
0
0
0
0
0
0
0
0
0
0
0
0
0
0
0
0
0
0
0
0
0
0
0
0
0
0
0
0
0
0
0
0
0
0
0
0
0
0
0
0
0
0
0
0
0
0
0
0
0
0
0
0
0
0
0
0
0
0
0
0
0
0
0
0
0
0
0
0
0
0
0
0
0
0
0
0
0
0
0
0
0
0
0
0
0
0
0
0
0
0
0
0
0
0
0
0
0
0
0
0
0
0
0
0
0
0
0
0
0
0
0
0
0
0
0
0
0
0
0
0
0
0
0
0
0
0
0
0
0
0
0
0
0
0
0
0
0
0
0
0
2020893505
32
1
860
100
0
32
0
20
1
2
52
212
1
0
0
0
0
0
2
0
0
0
444
